4037 0.004989267501122889
2625 0.004070535049315213
6634 0.003726160655316386
15 0.0030983201045671374
2398 0.002814926970103211
2328 0.0025752685475940542
2470 0.002543549706483492
3089 0.0024706916971194252
6946 0.0023736645355066505
3352 0.002363092056879781
5412 0.0023452885679551257
4191 0.0022922343230276773
7632 0.0022669196828808157
7553 0.0021809973233450092
737 0.0021438270760546284
1297 0.002136097146275736
3456 0.002110082715137354
2237 0.002106213114570542
5254 0.002078229163206014
6832 0.002070816989613577
2066 0.001999589739887889
4712 0.0019038728968800548
762 0.0018815137103736996
7092 0.001878313120223317
1186 0.0018647036135361389
4310 0.0018579581242648235
6774 0.0017767082001853987
7620 0.0017635938792805155
2958 0.0017297765490750878
4335 0.0016844142291988
993 0.0016512569582536475
4828 0.0016462770014835538
3537 0.0016429631224425666
4875 0.0016392696657468368
6006 0.0016316566802970635
2657 0.0016235246973171043
271 0.0016231987888575307
665 0.0016130598248641713
1549 0.0016106892870499396
4735 0.001591435726460193
4256 0.0015857379672790865
3238 0.001520484290572348
5484 0.0014853963369553934
825 0.001484635295425904
3498 0.0014842619175424222
2565 0.001481524079861703
4261 0.0014698491452153457
3568 0.001450739099101255
5123 0.0014492616610155
2654 0.001434959263026392
3084 0.001430982172787718
2485 0.001404814669768868
5079 0.0013993546942607448
6784 0.0013984709313621098
5404 0.0013824737777497333
2535 0.0013823659175670772
2871 0.0013804147837594084
5543 0.0013598557898213239
6334 0.0013547445498786454
5459 0.0013440552675945616
3897 0.0013435533617546336
28 0.001340201457414768
8042 0.0013166545594445848
4400 0.0013061791368487168
1842 0.0012973519330397817
2859 0.0012928853948605617
6059 0.001287970420752669
3562 0.0012866937570237057
4600 0.0012818852668490762
2746 0.0012778888219968539
3334 0.0012776684338657147
2576 0.0012775156630147313
3034 0.0012733499426930087
5226 0.0012678380011684094
7809 0.0012614704327150545
2651 0.001241591690732818
5022 0.0012311483125002774
3321 0.001194665558259504
1633 0.0011836855095582878
5563 0.0011825562268105402
4099 0.001176924851537596
1211 0.0011719444004411727
1754 0.0011615943702057592
3459 0.0011587328109172066
8293 0.0011532755266869502
4040 0.001151423114467621
4666 0.001147539588441807
1726 0.0011420459581983429
4981 0.0011417993200232071
7961 0.0011404983669748877
4531 0.0011358343790351638
2516 0.001133619904648061
6124 0.0011315435140981844
6330 0.0011262934701671292
5605 0.00112233849531398
3962 0.0011182213988288083
3005 0.0011099354321112683
7890 0.0011091893180140923
86 0.0011029813201958107
7214 0.001099529237003782
