4037 0.004550721327603527
2625 0.003838895785458034
6634 0.0037939505222947135
15 0.003150047681544979
2398 0.0026700013520593586
2328 0.0026125167308265976
5412 0.002380151035360632
2470 0.002378472649242158
7632 0.0022800956164496736
3089 0.0022573791150403387
3352 0.002227904093597865
737 0.0021811357580628957
4191 0.002148059729692409
3456 0.002139477816533085
2237 0.0021382346486093487
5254 0.0021177600822172697
6832 0.0020828232833196327
7553 0.002076308179504077
2066 0.002018862090494342
1297 0.0019755155113910594
7092 0.0018976919139046939
4310 0.001874564379787752
4712 0.0018213111219209884
6946 0.001786863432768213
6774 0.0017842673964018362
762 0.0017706094781355943
1186 0.0017502903858975603
993 0.001698821610096918
2958 0.0016941775760699169
6006 0.001653635537864035
2657 0.0016388252358456392
4335 0.001637876974347982
4828 0.0016339260308817457
665 0.0016307637946692312
4735 0.001629321045586186
8042 0.001617639664009585
4875 0.0016114464370993254
4256 0.001555841144234997
3537 0.0015535813743587663
7620 0.0015429976228366268
3238 0.0015241640455836312
4261 0.0014846795686182968
271 0.0014747842732788078
5123 0.0014626790662064346
3568 0.0014602831697313368
5484 0.001454841235814313
1549 0.0014452207903124367
3498 0.0014438975306246466
825 0.0014422893452047613
3084 0.0014416768109162415
2485 0.0014296837092059819
5079 0.0014153313785205354
6784 0.001410851934077766
2871 0.0013978124392588828
2535 0.001386437927396197
2654 0.0013858331927044912
5404 0.001378284423352334
6334 0.0013700066368316592
8163 0.001368607198468391
5459 0.0013684364971231129
2565 0.0013239644137419727
4400 0.001313240578143087
5543 0.0013099185037975453
3562 0.001306718282514224
4600 0.001304740400131701
2859 0.0012951276001861764
6059 0.0012878106218101642
3334 0.0012858255695280924
2746 0.0012710405680381848
2651 0.0012642142093628132
7809 0.0012585600065648525
5022 0.0012524693571557084
3897 0.0012419618409763066
5226 0.0012232410686795973
3321 0.0012213265541726665
3034 0.0012003286316591441
2576 0.0011848126017731094
1633 0.0011765877253397169
1211 0.0011674832378450089
4040 0.0011647791874624508
1726 0.0011640907015921388
4531 0.0011638138937854034
7961 0.0011572111953167372
5563 0.001149579733420817
4981 0.001146037468617638
6330 0.0011388777125687416
1842 0.001138627562127612
3005 0.0011337785623456908
86 0.0011316419884184492
1754 0.001130929880435553
5605 0.0011267993977107647
3962 0.0011191505524277604
2594 0.0011173324268549515
7890 0.0011171218219136593
3443 0.001113883391198267
4666 0.0011100158874365598
7214 0.0011062956948923487
3260 0.0011047923814850595
28 0.0011043316063428013
6124 0.0010876864722905713
