4037 0.0045507214010943615
2625 0.0038388958552070633
6634 0.0037939506035290977
15 0.0031500477379419974
2398 0.002670001403031027
2328 0.0026125167773243716
5412 0.0023801510834965587
2470 0.0023784726838275284
7632 0.0022800956608540167
3089 0.0022573791579518277
3352 0.0022279041345286544
737 0.0021811357988306434
4191 0.002148059768794538
3456 0.0021394778582179232
2237 0.0021382346842888774
5254 0.0021177601195175324
6832 0.0020828233218025227
7553 0.0020763082162702333
2066 0.002018862130615856
1297 0.001975515548081894
7092 0.001897691948967493
4310 0.0018745644154160186
4712 0.0018213111588635499
6946 0.0017868634717085742
6774 0.0017842674231630623
762 0.001770609512044532
1186 0.0017502904129942285
993 0.0016988216414829099
2958 0.0016941776078649464
6006 0.001653635573231896
2657 0.0016388252642401799
4335 0.0016378770058403881
4828 0.0016339260637999596
665 0.0016307638180300624
4735 0.0016293210769937488
8042 0.001617639700816653
4875 0.001611446464706861
4256 0.0015558411731966771
3537 0.0015535814027662267
7620 0.0015429976508161605
3238 0.0015241640748403398
4261 0.0014846795916387448
271 0.001474784297088124
5123 0.001462679094845099
3568 0.0014602831975419534
5484 0.0014548412621309813
1549 0.0014452208188467375
3498 0.001443897557831021
825 0.0014422893722990636
3084 0.0014416768412432188
2485 0.0014296837356782357
5079 0.0014153314050906077
6784 0.0014108519601603656
2871 0.0013978124641217968
2535 0.0013864379520885952
2654 0.001385833215260905
5404 0.0013782844502215027
6334 0.0013700066690663765
8163 0.0013686072302321174
5459 0.0013684365221419423
2565 0.0013239644378217619
4400 0.0013132406025798632
5543 0.00130991852707162
3562 0.001306718306646264
4600 0.0013047404221534443
2859 0.0012951276271093272
6059 0.00128780644596259
3334 0.0012858255938522723
2746 0.0012710405936736256
2651 0.001264214233345759
7809 0.0012585600309829778
5022 0.0012524693791065495
3897 0.001241961863939194
5226 0.0012232410914609132
3321 0.0012213265764872642
3034 0.0012003286546351385
2576 0.0011848126240250887
1633 0.0011765877467991622
1211 0.0011674832581811017
4040 0.0011647792107701515
1726 0.0011640907226690188
4531 0.0011638139180597646
7961 0.001157211217174741
5563 0.0011495797574951666
4981 0.00114603749064961
6330 0.00113887773829968
1842 0.0011386275804072647
3005 0.0011337785842721827
86 0.0011316420070926377
1754 0.0011309299034454098
5605 0.0011267994197148694
3962 0.0011191505739693815
2594 0.0011173324480866986
7890 0.0011171218413373158
3443 0.001113883411027848
4666 0.0011100159066415498
7214 0.0011062957158018058
3260 0.001104792404210515
28 0.001104331623003727
6124 0.001087686492939552
