4037 0.004550721327537371
2625 0.0038388957853952143
6634 0.0037939505222215446
15 0.0031500476814941706
2398 0.0026700013520133924
2328 0.002612516730784656
5412 0.002380151035317216
2470 0.0023784726492110503
7632 0.002280095616409648
3089 0.002257379115001626
3352 0.0022279040935609127
737 0.0021811357580261387
4191 0.0021480597296571675
3456 0.0021394778164954735
2237 0.0021382346485771665
5254 0.0021177600821836754
6832 0.00208282328328498
7553 0.0020763081794709726
2066 0.002018862090458094
1297 0.001975515511357931
7092 0.0018976919138730915
4310 0.00187456437975567
4712 0.0018213111218876746
6946 0.0017868634327331454
6774 0.0017842673963777821
762 0.0017706094781049875
1186 0.0017502903858730868
993 0.0016988216100685609
2958 0.0016941775760412306
6006 0.0016536355378321834
2657 0.0016388252358200248
4335 0.0016378769743195915
4828 0.0016339260308520587
665 0.001630763794648219
4735 0.0016293210455578509
8042 0.0016176396639764256
4875 0.0016114464370744488
4256 0.0015558411442088724
3537 0.0015535813743331284
7620 0.0015429976228114029
3238 0.0015241640455572337
4261 0.0014846795685975736
271 0.0014747842732573196
5123 0.0014626790661805959
3568 0.0014602831697062457
5484 0.001454841235790617
1549 0.0014452207902866947
3498 0.0014438975306001218
825 0.0014422893451803524
3084 0.0014416768108888654
2485 0.0014296837091821043
5079 0.0014153313784965767
6784 0.0014108519340542548
2871 0.0013978124392364836
2535 0.0013864379273739206
2654 0.0013858331926841466
5404 0.0013782844233281035
6334 0.0013700066368026293
8163 0.0013686071984397872
5459 0.0013684364971005506
2565 0.0013239644137202598
4400 0.0013132405781210504
5543 0.0013099185037765756
3562 0.001306718282492429
4600 0.0013047404001118588
2859 0.0012951276001618964
6059 0.0012878106255728504
3334 0.0012858255695061614
2746 0.001271040568015044
2651 0.001264214209341149
7809 0.0012585600065428363
5022 0.0012524693571359393
3897 0.0012419618409556144
5226 0.001223241068659073
3321 0.0012213265541525273
3034 0.001200328631638413
2576 0.001184812601753035
1633 0.0011765877253203144
1211 0.001167483237826609
4040 0.0011647791874414117
1726 0.0011640907015731043
4531 0.0011638138937634722
7961 0.0011572111952970138
5563 0.0011495797333991031
4981 0.0011460374685977697
6330 0.001138877712545567
1842 0.0011386275621111054
3005 0.0011337785623258805
86 0.0011316419884015588
1754 0.0011309298804147543
5605 0.0011267993976909019
3962 0.001119150552408336
2594 0.001117332426835792
7890 0.001117121821896167
3443 0.0011138833911803708
4666 0.0011100158874192572
7214 0.0011062956948735066
3260 0.0011047923814645549
28 0.0011043316063277498
6124 0.0010876864722719742
